.Random.seed <-
c(403L, 11L, 1905205234L, 2068362052L, -694674425L, 271333853L, 
82085588L, -1494341126L, -1637874363L, 934990239L, 1521414950L, 
1873988528L, -868140973L, 1415721841L, -1772895584L, -1924680130L, 
-1729774263L, -1761442821L, -1512511542L, 24598828L, 246969647L, 
2016836581L, 539771548L, 1564673778L, 57055085L, 201744551L, 
981131982L, 2099056680L, -1376310229L, 418913865L, -1496361128L, 
-867712506L, 1373531105L, -1767929485L, -1420842526L, -1251881644L, 
-1484233641L, -1345501107L, 1392528356L, -1533138486L, 1707782197L, 
1027190415L, 1042644886L, 430637888L, 419212803L, 235975713L, 
1277933328L, -1867174674L, -2042334055L, -839229141L, 613816346L, 
-2011000100L, 1174754015L, 370937013L, 613640780L, 341841570L, 
906624509L, 938481399L, 1899986974L, -946367784L, -800246213L, 
-1764588583L, 1863610728L, 829294742L, -2058959343L, 1351057347L, 
-1907997742L, -722452892L, -579973721L, 1305469693L, -583411980L, 
-943062566L, 887833893L, -278182849L, 1566766022L, -1721966512L, 
1015663731L, -1319706479L, 1966522560L, -313611618L, -511449495L, 
526997147L, -661406806L, -294576180L, 504746639L, 1565031109L, 
1239880316L, 850083538L, -1007773107L, 705427207L, 201267950L, 
858673096L, -2086055733L, 2016063785L, -1028126344L, 1957846694L, 
-195032895L, 216170835L, 289566210L, 962672436L, -1927236425L, 
-1219271507L, -1033551420L, 282485226L, -636486059L, 2069319663L, 
-790396938L, -1363199712L, 249591523L, -172552319L, 17291760L, 
80480398L, -17993735L, 732415371L, -1117904454L, 890364092L, 
1545913343L, 1955664213L, 1780861548L, -437313854L, 54675741L, 
-270327913L, -390571266L, 650576056L, -1758688613L, 549038329L, 
928684616L, 1404585334L, -44903247L, 1023711459L, 154015666L, 
-1084471292L, 636492615L, 2052502045L, -1777432428L, 735348794L, 
-2233723L, -1840768161L, -354749466L, 690781808L, -1057836653L, 
1160508977L, 710110432L, -516047490L, -1760137207L, 614752315L, 
54029834L, 1318338028L, 428880495L, -679772763L, -1467368100L, 
1187954994L, -2145656787L, -1679139097L, 608236558L, 1494580712L, 
-239589397L, 1775138953L, -1574839272L, -1411368122L, 1610467745L, 
-196642765L, -2129185374L, -635137900L, -679626985L, -514539251L, 
767502372L, -1426348022L, -1265001099L, -1973367601L, -1904074794L, 
-24764544L, -1006332989L, -1081698975L, -963548208L, -1375794386L, 
-891521319L, -134503189L, 324003162L, -1978329316L, -13643233L, 
651817589L, 1194737420L, 186823394L, 1801201597L, -1103486921L, 
-1130206498L, 1500304920L, -1486882437L, -1144131303L, 1137319336L, 
1250836822L, 1449017809L, 1947664771L, -2097119214L, 735114148L, 
533627751L, 566663357L, 482205748L, 2074997658L, 919044069L, 
-1357362305L, -825476346L, 1012282512L, 632128819L, -547527983L, 
1429334144L, -1496280738L, 441820841L, 1004245339L, -1204257942L, 
-1948388852L, 1512215119L, -1760116987L, -2036942916L, -1252396398L, 
1187395981L, 1016078791L, -1206336850L, -486946040L, -151848693L, 
-2072164375L, 1304502456L, 162137958L, -1129765887L, -1694264685L, 
-77941438L, -290284812L, -282106121L, -885899664L, 426513444L, 
1420380984L, 1982442650L, -843574576L, -1728970564L, 1417883284L, 
841201282L, -292075328L, 1453564732L, 1753373840L, 1048116770L, 
1852690440L, -1943003892L, 710585500L, -515801582L, 445677440L, 
1299369492L, -672191960L, 602928442L, -780973616L, 1662530668L, 
-648435404L, 944117394L, -257553568L, 1041953612L, 1136572384L, 
1636571042L, 1334839208L, -1061704308L, -915699524L, -2084337294L, 
1961497840L, -2055917500L, 809017688L, -1303435718L, -443712656L, 
-1322698692L, -1111826668L, 202401218L, -1371899168L, 1752471420L, 
-549921072L, 30562466L, -1531048920L, -1863195380L, 1618274236L, 
-801543886L, -1187944000L, -424490444L, -401663032L, 2076555450L, 
-1005377136L, 778392044L, -316259756L, 1937174674L, -936792288L, 
-1592628788L, 1801164256L, -1161660734L, -1388485592L, 1704211116L, 
1740760252L, 509471218L, 1133850928L, -1947921244L, 632817336L, 
601308506L, 1222440336L, -105819268L, -210081516L, -2055077054L, 
-125379840L, -65767492L, -2025463984L, -2037300446L, -1646305976L, 
-524752372L, 1216366684L, 1997372626L, 423598592L, -2033062572L, 
-522806808L, 680594426L, -1947123504L, 1493536044L, 351150836L, 
1196005778L, -560810912L, 1593484556L, 1955468000L, 1721420130L, 
436705960L, 1003225676L, 1119547772L, 241419570L, -568889232L, 
552601412L, 1560378840L, -599290758L, 1661316656L, 1195543228L, 
1586405204L, 62166082L, 1973452192L, -41465156L, -1572357680L, 
-750518942L, -850366488L, 1945372620L, 2013875964L, 236233202L, 
359401600L, 179471604L, -1558542712L, 783669050L, -522652848L, 
-663984532L, -228818796L, -660860590L, 1123237600L, 1965535948L, 
139915424L, 698825602L, -1071222040L, 1737528044L, 186326076L, 
1608028786L, -244812688L, -1062648284L, -1947515848L, 2006202394L, 
551017168L, 2113623100L, 1750082708L, -1251107710L, 990070720L, 
414669116L, 1483952784L, 222112802L, -836156408L, -7632756L, 
8829980L, 261674642L, -239270784L, 1637322772L, -1020828376L, 
-1333998022L, 1768547536L, 1767986284L, 916271796L, -1448962030L, 
-2145482784L, 1350578124L, 995233248L, 552156706L, 1654401320L, 
-79326964L, -1368627652L, -600731406L, 1104456432L, -225946812L, 
1383029336L, -734461382L, -1414428944L, -1350333252L, 1918471700L, 
-841318206L, 630333536L, -1831162500L, 1933720784L, -729822174L, 
653146792L, -790380660L, 1243486652L, -478706638L, -117635264L, 
-499590988L, 1774564168L, 1746389690L, -1830056176L, 1400748268L, 
-1811983276L, -1936607470L, 1150497696L, 1823612876L, 1126968160L, 
-648322878L, -216578520L, 36607404L, -406597828L, 634052466L, 
736555824L, 1274323492L, -1602293704L, 1185156314L, -632012400L, 
1026832124L, -230649964L, -1648991422L, 1115347456L, 423567932L, 
-581118384L, -701164894L, -1963738296L, -2016994804L, -1100829476L, 
955658834L, 518834304L, -649053356L, -617508376L, -19731718L, 
520869712L, -689691604L, -966519436L, 790847122L, 1117338208L, 
-682569076L, 1203989344L, -1153092894L, -402925400L, 1550602444L, 
1011892732L, -123764814L, 1267176944L, -2039140924L, 1967978328L, 
-975256601L, -94758896L, 1147794734L, -583775781L, -1951068483L, 
1587870762L, 539983048L, -341599759L, -744007837L, -1620275356L, 
131131026L, -171752601L, 1891691825L, 255215222L, 567621524L, 
1605321637L, 749106351L, -411227800L, -1005006522L, -1440634637L, 
-417384875L, -1393534414L, -2101745664L, -698778391L, -562103461L, 
-1623974484L, 75269562L, -34716817L, 667948281L, 371493262L, 
-1301709732L, 107368141L, 162720311L, 2139529408L, 1092726686L, 
1322349675L, -2140253203L, 1622537818L, -710362856L, -1091664255L, 
-467264461L, -2118768044L, -45965726L, -918933257L, -265755839L, 
1603688902L, 116105988L, 26117813L, -1587662433L, 1858072056L, 
-382311466L, -51265949L, -2047754715L, -323924542L, -1672084816L, 
-1586640167L, -1351766965L, 286585532L, 790360298L, 846638367L, 
-1653721687L, -1010805954L, 1652813356L, -575759235L, 711435975L, 
1377804208L, 1870049742L, -1534039301L, 887142749L, 944048778L, 
-1325582168L, 414469137L, -528507645L, 1261629444L, -864042958L, 
1327294599L, -978721583L, 564674134L, 1705545268L, -1406671547L, 
1132701583L, 1790300936L, -1183263450L, -2032251437L, -1462728907L, 
-1592422766L, 1638611552L, -580314167L, -1697178885L, -474503988L, 
1919090010L, -1137700785L, 1214594329L, -1041107154L, 1766459708L, 
-1279689043L, -1408059049L, -621234016L, 168609278L, 624122059L, 
1512122061L, -126242310L, 1585023544L, -35485727L, 1295171731L, 
450880180L, -1300631614L, 1209048023L, -293014495L, -1160100890L, 
1720807140L, -828966379L, 939831871L, -90043944L, -2103902218L, 
-661010429L, -303111355L, 575940450L, -300529456L, 2110092281L, 
1163579179L, -1710756708L, 1764041418L, -1921553473L, -1428396279L, 
-841428962L, 39887308L, -1736676451L, -1447631321L, 329346128L, 
-1360440082L, -523972197L, 1919944701L, -148405526L, 941462920L, 
1563693873L, 1723304867L, -2060166236L, 910276178L, -1391159897L, 
-1201548815L, 1530234166L, 819981780L, -991575195L, -1753363601L, 
-629439064L, -238642426L, 511352371L, 1346540693L, -592933646L, 
